0
0.084019028
0.450460046
0.140300414
0.165209326
0.311506283
0.086442422
0.049738438
0.346131572
0.01581772
0.017152034
0.074130479
0.386889038
0.128603901
0.078382612
0.123253457
0.22427873
0.170692236
0.370079389
0.015770015
0.060180452
0.232667968
0.11330265
0.078231532
0.009433426
0.074315108
0.111242274
0.191199689
0.055682277
0.372500689
0.428770223
0.526930587
0.165396869
0.072189866
0.2940629
0.141538571
0.189651844
0.232039941
0.017527138
0.250428058
0.070872373
0.053103605
0.076382186
0.066262244
0.057686799
0.026373902
0.220610904
0.065254302
0.056889019
0.168221567
0.010542593
0.346508626
0.007529044
0.062168502
0.071961646
0.21712216
0.196570246
0.249195677
0.064547088
1.108578506
0.071462541
0.139136224
0.028387004
0.455695408
0.054346391
0.013889332
0.091022645
0.90207319
0.04765767
0.067804796
0.140473638
0.199157898
0.099905703
0.227862184
0.027860121
0.014565368
0.009289153
0.161454962
0.442944492
0.176278242
0.151663449
0.206587485
0.104683133
0.060592903
0.187917132
0.200362264
0.284818055
0.053286968
0.068139324
0.004591879
0.068903305
0.087416734
0.209753286
0.187095577
0.2822551
0.431460815
0.451718793
0.01625852
0.149255226
0.009239246
0.318528557
0.075617984
0.053708571
0.062241343
0.030719725
0.043097607
0.358414577
0.27338014
0.272401957
0.061833534
0.024076405
0.010044187
0.064625813
0.214214792
0.197075107
0.170713905
0.044718316
0.105314472
0.066902673
0.359253168
0.283228426
0.401845662
0.107891208
0.271357611
0.014500265
0.636190527
0.232432338
0.060229252
0.266077933
0.130254612
0.410170706
0.077884692
0.164661782
0.056432808
0.028886902
0.054259805
0.090408518
0.233007165
0.007960235
0.233421475
0.060442136
0.388408587
0.15798196
0.123422021
0.033132052
0.059086015
0.099399602
0.668245484
0.14655393
0.025767651
0.492773162
0.121984611
0.470108926
0.069034063
0.304825359
0.011506104
0.047916537
0.29970819
0.238679221
0.476938538
0.187749569
0.157296848
0.27976875
0.419535942
0.448436544
0.387354436
0.22992488
0.10471952
0.00980765
0.054474043
0.002811506
0.096156279
0.475295777
0.07236496
0.403977943
0.031839638
0.074187405
0.108340842
0.047188953
0.291734191
0.055558421
0.434559343
0.070634258
0.042311672
0.257557486
0.628430964
0.463472812
0.241184573
0.335834844
0.402617973
0.438232278
0.052390208
0.196954355
0.055927505
0.116923184
0.305374063
0.251636059
0.056110418
0.267754175
0.476784775
0.369326541
0.711333333
0.030830684
0.388859087
0.287140443
0.28564135
0.123021832
0.096928944
0.022729772
0.121567113
0.031856955
0.069512333
0.09574188
0.516847689
0.043002312
0.212871472
0.100250549
0.043006813
0.006449967
0.323718213
0.075178929
0.274827597
0.178629266
0.0703172
0.338024678
0.446076161
0.178116202
0.337683764
0.161993632
0.337019885
0.007821758
0.377414696
0.02431737
0.032780274
0.260416006
0.045122827
0.26788861
0.403738872
0.046901317
0.260950084
0.190021203
0.143886807
0.640478825
0.040776927
0.044813221
0.21524536
0.268727534
0.093798539
0.74660555
0.007169225
0.079572761
0.210513372
0.0080291
0.029149025
0.054555898
0.392309604
0.491796972
0.001527339
0.056520747
0.188183139
0.833558383
0.775632461
0.193093379
0.592529022
0.093604561
0.05164158
0.167950812
0.164233056
0.066007304
0.411456362
0.373689149
0.208812725
0.257230831
0.062051055
0.026019693
0.032704532
0.220467401
0.082060534
0.192302211
0.298620622
0.2640536
0.266576167
0.012353943
0.051508341
0.125576586
0.458443645
0.157158064
0.01176685
0.316454707
0.298196896
0.142270869
0.005217836
0.742041273
0.055511611
0.462550869
0.118980547
0.012970419
0.020907533
0.091930884
0.144116265
0.095630184
0.000339609
0.252869751
0.084647205
0.213647746
0.037105738
0.194123429
0.110541885
0.22607228
0.039400199
0.43688156
0.034855103
0.020593908
0.286625979
0.449006972
0.056931265
0.181879539
0.0159423
0.061998499
0.374587063
0.230438317
0.133659459
0.088254763
0.047990442
0.051971451
0.289448548
0.100883755
0.345936449
0.148899848
0.021681685
0.009918431
0.558985222
0.190764972
0.963113049
0.129549835
0.810919804
0.169757565
0.052922573
0.024889931
0.027938961
0.270822832
0.029772698
0.041442252
0.100993803
0.081893271
0.122762986
0.021721029
0.037378629
0.205108784
0.309934485
0.093157605
0.073228786
0.455847726
0.2577562
0.104412172
0.041248196
0.010592461
0.576352201
0.109159356
0.181339491
0.144121842
0.452341416
0.041117871
0.019633227
0.011643625
0.009761752
0.229593859
0.129063933
0.523497839
0.105989116
0.408053023
0.247574993
0.570731064
0.130851174
0.114048325
0.14351771
0.148673459
0.126617874
0.636618956
0.387725062
0.072922451
0.254823552
0.385678466
0.073544443
0.034110875
0.016048306
0.275737685
0.15280532
0.120997678
0.314454327
0.049378847
0.073203612
0.263008802
0.123209809
0.10385319
0.057986325
0.174045967
0.330393353
0.010349983
0.032209035
0.135222626
0.444560135
0.075090149
0.066487404
0.013380178
0.012484707
0.173065648
0.362755611
0.085356166
0.085673748
0.008482761
0.099291986
0.402441085
0.005116788
0.037598298
0.355485588
0.002582776
0.125730347
0.356310555
0.461049243
0.141470799
0.36493448
0.1677071
0.297409679
0.075002985
0.022766474
0.237215065
0.270766401
0.101144603
0.085108789
0.011178447
0.093957979
0.091411505
0.066863314
0.491587528
0.215848035
0.110862783
0.196219348
0.183319245
0.787555297
0.289065351
0.253809189
0.42515921
0.002141484
0.169509418
0.712297035
0.152555124
0.012953961
0.166341708
0.051786936
0.116170412
0.020829068
0.027190462
0.323522949
0.058842829
0.138600824
0.148045917
0.003959945
0.419136296
0.123275439
0.781793596
0.168549936
0.414778224
0.055288934
0.025012759
0.032834548
0.012267429
0.044680204
0.405357504
0.294696725
0.537269736
0.016840084
0.014490796
0.75712245
0.147504145
0.30995011
0.074141529
0.025229665
0.132883991
0.107323652
0.495009567
0.034741592
0.04553273
0.032524854
0.632576825
0.276206705
0.046248245
0.21914408
0.04958037
0.1193131
0.563934342
0.174425935
0.031969619
0.198597004
0.040742396
0.01730613
0.048141304
0.149493677
0.219745028
0.122866908
0.048531193
0.049762966
0.441615952
0.07177917
0.057552574
0.453862269
0.025504809
0.218843507
0.079342414
0.07893301
0.349152582
0.159795601
0.207002257
0.37303284
0.18077312
0.08039021
0.047501386
0.196532878
0.061050168
0.743036994
0.035193823
0.316503186
0.516547374
0.12558717
0.190158375
0.105692333
0.696207526
0.211801369
0.295164984
0.10728847
0.032285249
0.13636976
0.377690714
0.226507829
0.11809221
0.137463784
0.033950924
0.239376549
0.045805113
0.226252682
0.026593927
0.181006622
0.296489062
0.173300913
0.230360943
0.111479676
0.064815425
0.76371004
0.670009337
0.260430332
0.258034942
0.207107547
0.017952061
0.150114681
0.381491638
0.047140932
0.350591878
0.046237556
0.129060303
0.071314617
0.084614814
0.526078817
0.006116842
0.25461899
0.094390133
0.177360055
0.080079599
0.400387791
0.386141952
0.158858554
0.008876847
0.152533922
0.348900158
0.167068719
0.049496849
0.078116578
0.013451014
0.093624305
0.059823406
0.060384126
0.127915692
0.019927189
0.013045444
0.339087069
0.014180692
0.070660479
0.30982922
0.121898163
0.481983508
0.160000028
0.112149424
0.101849898
0.013077718
0.251891268
0.254538629
0.27031885
0.233832615
0.060333411
0.001983812
0.08618777
0.45298226
0.27191961
0.069624127
0.040752174
0.035575782
0.015763196
0.114887578
0.063386406
0.054127074
0.031693515
0.127287118
0.260823354
0.09931865
0.033924465
0.030535237
0.469758358
0.086901922
0.034742505
0.410952837
0.325634903
0.264968287
0.135522188
0.102780029
0.396973339
0.039894291
0.519573446
0.345235049
0.232040924
0.126659225
0.437742418
0.807504743
0.006573969
0.34833437
0.215361117
0.118942628
0.170531542
0.31981413
0.200346874
0.311847704
0.012281334
0.098664459
0.109026182
0.218171798
0.20128177
0.433092712
0.189096289
0.191083618
0.419377293
0.291226023
0.277331672
0.024574117
0.045653714
0.024718519
0.368349412
0.096115497
0.121044031
0.0153519
0.005097404
0.649426872
0.034488789
0.542539465
0.054037887
0.01571212
0.223287351
0.017619294
0.012836803
0.237599485
0.000412216
0.034123809
0.064192714
0.075734189
0.250377872
0.169626715
0.144800948
0.172232686
0.000990994
0.086845372
0.157374995
0.019316289
0.063579842
0.178675069
0.000927613
0.006246692
0.094547769
0.036188177
0.073121464
0.062935159
0.07340557
0.175424547
0.154662677
0.312769358
0.093272115
0.278872771
0.211443665
0.160565213
0.380654159
0.110763557
0.170851362
0.292422626
0.155094768
0.83044121
0.022317119
0.071622277
0.095560008
0.128003168
0.050352005
0.077350993
0.051456675
0.004399598
0.003118869
0.306356398
0.003764628
0.466047092
0.04378169
0.187827308
0.147993723
0.245332544
0.087142468
0.284504034
0.140872246
0.290294107
0.090050222
0.518100256
0.462727621
0.160465164
0.147221395
0.039452431
0.187770292
0.260361359
0.417400425
0.128233115
0.279037785
0.039946034
0.00431333
0.027684996
0.393297194
0.318623676
0.041550575
0.037558903
0.225136112
0.102129962
0.548301385
0.129342481
0.102911779
0.042149999
0.082215907
0.116314263
0.029696232
0.785821682
0.11583876
0.325766843
0.34038195
0.052670189
0.205030566
0.059629955
0.026502253
0.104531663
0.014018513
0.023252899
0.150815764
0.047525074
0.005262106
1.027238102
0.273016828
0.806106287
0.604752275
0.127583282
0.87697572
0.383357237
0.073945372
0.606214246
0.024128377
0.024948037
0.000139131
0.072238866
0.092147359
0.025644217
0.248898019
0.631714994
0.077806633
0.311164064
0.222635099
0.023220117
0.257443745
0.42843725
9.86495E-05
0.021504479
0.092529043
0.492290828
1.379323187
0.03738496
0.037897594
0.021755583
0.186355862
0.106168307
0.059084459
0.045050366
0.041574462
0.430441069
0.19961613
0.194797969
0.214746096
0.038980344
0.196619008
0.418231022
0.039252369
0.207451072
0.431043677
0.057674125
0.176484728
0.133446413
0.3653774
0.010611718
0.269009431
0.16171882
0.11223876
0.302573471
0.101057304
0.088393373
0.215451847
0.100231794
0.0393192
0.011164926
0.056770215
0.464176988
0.808461572
0.132371951
0.031272191
0.143351371
1.008042205
0.287575562
0.676418838
0.531511013
0.053965959
0.020522228
0.105450063
0.02812216
0.280946035
0.085573784
0.11948877
0.04446265
0.266754044
0.045472352
0.292341878
0.055224533
0.19024554
0.084859814
0.256481884
0.024936558
0.039882569
0.043100678
0.089428883
0.103635088
0.05117987
0.221161872
0.630303473
0.113008895
0.325738632
0.320084927
1.069544101
0.0476018
0.079802847
0.287384394
0.28274092
0.650262174
0.168743942
0.187557078
0.090855104
0.084181008
0.183252123
0.149153122
0.132704674
0.213219513
0.007800561
0.042125138
0.528298838
0.174924078
0.003106078
0.069536045
0.009263284
0.316687309
0.248519145
0.153729925
0.17676212
0.04738445
0.106858092
0.145059982
0.364445645
0.215709374
0.131238145
0.383144668
0.131373898
0.063572146
0.262754341
0.697804274
0.094200055
0.054519314
0.055600414
0.003824209
0.810869209
0.324524414
0.165786629
0.098475706
0.211414476
1.013700314
0.250189003
0.021598793
0.118583956
0.236047862
0.080979828
0.50956635
0.200201488
0.53819571
0.110997374
0.071474934
0.439696743
0.003505299
0.032046691
0.639630193
0.250681248
0.073191211
0.352164016
0.329939371
0.479940517
0.205899151
0.198141185
0.025219494
0.502592994
0.19562316
0.059569353
0.604429889
0.009461462
0.004229844
0.018434051
0.145897038
0.421837985
0.102892812
0.164798528
0.182338188
0.015603305
0.099348387
0.087696381
0.056151618
0.022864177
0.023821853
0.062177734
0.061956193
0.550028599
0.041202459
0.141625808
0.031938518
0.506903515
0.530318664
0.029410516
0.410473024
0.002486413
0.256052811
0.421708666
0.098023866
0.056586791
0.023694454
0.375177583
0.215561451
0.302518694
0.088808764
0.040701376
0.002046345
0.017966296
0.079936533
0.071572316
0.141275325
0.097749332
0.553867237
0.034761476
0.302562021
0.039072187
0.327252389
0.165282607
0.12700387
0.089136095
0.092971192
0.096535938
0.05922532
0.715381101
0.216094281
0.140755319
0.044134504
0.022048743
0.438590765
0.090184556
0.120922382
0.013397614
0.38044276
0.06554337
0.48590109
0.012326188
0.191405007
0.165996569
0.220686668
0.081726916
0.0077054